target
0.4343333431483055
0.2823743175114006
0.13996287718583053
0.22368831485093907
0.4366726056880964
0.23635098875873525
-0.012285656077612466
0.14537799967639323
0.09836805129518286
0.4003398447019815
-0.633789059292978
-0.5596700206455985
-0.31376411948645216
0.10805577111594959
-0.1398032853809568
0.26313415046901234
0.4234129547990449
0.4924341210753035
0.438312971953906
0.6626428366232708
0.6566907923504698
0.5741327360866659
0.797589769791294
0.6782218191387129
0.8131573302204407
0.7400220524308518
0.8083458596077981
0.46022313867606046
0.4089066640190782
0.44373891478841465
0.2814858605752028
0.6220788984391136
0.34458902437869343
0.5734167238733817
0.5376332032523682
0.2527798613334975
0.6122475868445362
0.4879937644169275
0.41456623820027244
0.5469565101529552
0.6572114559060052
0.8454979988418002
0.7329712794796329
0.38491957767960394
0.3600433039496217
0.20565824925148635
0.31625437350190255
0.5497649410423451
0.49637838223814323
0.4528985627230681
0.216028193399471
0.1304209609570001
0.11456203766479972
0.34985130956391364
-0.0062337256437394505
0.3391870635981658
0.22260543098391478
0.33020014745936493
0.6939932633027522
0.6458760955109666
0.7532730778378111
0.20993337824094258
0.011626246298295196
0.16045228616353985
0.3696441650720914
0.05704190488701303
0.045301309146769865
-0.25540293099117095
-0.4571697996846512
-0.3226816759728198
-0.020188392276376015
-0.2665074673428491
-0.07617378436213239
-0.011079280368374415
0.5095367774712144
-0.12058611882007564
0.28283758772799605
0.468493390026224
0.6943553726945965
0.5281034096087831
0.6227961497463222
0.8764889997676469
0.7162909860191524
0.47078324914505365
0.791290769914995
0.9791679352384133
1.0445570348100934
0.9810530247811596
0.9899414696913577
1.0457040278890046
1.2261080656247154
1.0099814154592908
0.6791861416009077
0.916220861297582
0.3955925231861922
0.3523946858446023
0.48148917393225293
0.6946005315614578
0.6511215449431782
0.6199257726195104
0.8408215345351677
0.6583447812371892
0.8288161424141227
0.6534385834858593
0.6011949938460232
1.0223115467639907
1.299362874578012
1.3072140281582056
1.2338892499434366
0.9520917826566203
0.9776883852134942
0.8640425236520484
1.1648539335639798
-0.007573755232178598
-0.33868977378440385
-0.287655616325288
-0.30401353849543467
-0.2058623023380167
-0.05659214165960488
0.24252015201079485
0.19332422316805994
-0.07598937412563503
-0.13836675323067127
0.21461560537413663
0.13258479869763237
0.11331807557471424
0.31674800716562457
0.5355910337643828
0.6906517424172081
0.3698259983026449
0.8665787990022378
1.268460165878268
1.202261912667425
1.1068097802117738
1.1921168300056102
1.2757609378367636
0.9043516316685911
0.7174452980206799
1.141355387936075
0.798819669590345
0.9209290908623873
-1.1639259091613614
-1.4295556960411644
0.3696857360219705
0.706468850403304
-1.3732122632723172
0.5831710055583512
0.3175587208610941
0.7486438486927559
-2.4927003670417838
-2.6545382141461493
-1.6893876466032265
-1.0954569046718352
-1.9058190920244014
-1.7925724023381857
-2.7253406933847386
-2.289177388132658
-1.905566538002007
-1.3049933532985263
-2.332422585044724
-2.758657892638881
-1.5121246823593446
-0.9032051893243066
-0.2452832469755611
-0.22932957046482844
0.3847103997526762
0.7555256303412176
0.45443595486738547
0.701108580346105
0.788771109724888
1.1018315346373873
0.8005392696379339
0.22527094971427505
1.0093515712023278
1.1121084308143627
0.9835172108269449
0.9455794785091184
1.1373151906120957
0.4171387337241937
0.9936801982404265
0.7071240750690204
0.9613203254771652
1.0273047554368953
-0.0164053169162095
0.7358359607732027
0.8626609998202283
0.9625648250042591
0.19769962222853057
0.5841689814768951
0.4418341679186201
0.5786602090914683
0.926506609529774
0.7688681404570843
0.45577059747163884
0.5494306951412673
0.2991147731177701
0.0485191303926413
0.34054037214271743
-0.651848706359931
0.16480325791449113
-0.26810958714494176
0.18856207901046787
0.2374215501964733
-0.37107117364689357
-0.479738776900566
-0.029774671644704123
-0.22857750147872766
-0.06298392270180622
-0.3899852483023447
-0.8234179029809172
-2.4945009393010955
-1.2357330655151046
-0.54152651369854
-0.04328863233890544
-0.30972387648695593
0.2736636341669394
0.24948931281719644
0.4519649715036459
0.6079747745913564
0.4327475093595896
0.6704509880562317
0.8957713433819446
-0.06136309406778102
-2.3997780175270247
-0.5363099814687032
0.5480417835969671
0.14043838827287194
0.6823815696739226
0.5010773030053985
0.11448692698890198
-0.016096761575854143
-1.2095457954856337
-2.0872066195699177
-1.6215696371968997
-0.8595538873897937
-0.8170716217145158
-0.7648344921515821
0.1601036564431014
-0.03088093610440921
0.07391686835365609
0.4572188451267548
0.3214123364712367
-0.6067194576675747
-2.126736296740842
-2.2053600177773083
-1.3467618809409017
-1.0697628249125883
-0.7186683405935951
-0.6482505843119296
-0.3517630285659342
0.2518311417328521
0.7286173208174779
0.13754548438264497
0.09853034220670438
-0.8099926740190547
-0.10501251154716387
0.20556233531542809
0.5785909059231409
-0.4209203058291902
0.21264652755607327
0.10604895544492164
0.2803970961444939
0.7254789228663396
0.35138465488876164
-0.14289130126078653
0.813704335355171
0.9751611890938837
0.49999224456894353
0.4598631995137793
-0.31346479248072695
0.17053239650278326
-0.3683605683527977
0.03173618255727585
-0.2724605331015308
-0.08246101776080539
-0.7889842255752408
-0.10139864868237014
-0.6701072436075114
-0.8339813751545683
-0.9141706662306108
-0.490755330772117
-0.9407549281202882
-0.8177840231672902
-1.0143465774761427
-0.8683894996666125
-1.0293840977352158
-0.6396573120314332
-0.03299347180335925
0.053442935267258414
-1.1130790192569702
-0.5596014601684173
-0.7533468452724622
-0.30258946778900614
0.41052433619189943
-0.027021417356883896
0.09013737501201576
0.15598066695535318
0.631010036082767
0.6633355385818498
0.7358984467529569
0.2758485444103774
0.6139338696197383
-0.035378362189042944
-0.9973414398855016
-1.5843366325855452
-2.2761547221137994
-1.0203688844198018
-2.555755624540787
-0.3845309402511477
-2.6495915959505916
-1.6234054203073922
-0.4044498023389409
-0.5240631232136378
-0.1961291994046966
0.15085357358189647
0.07373741265149375
0.4613737382692957
0.3955667510878489
0.38989346818327086
0.18108530763797576
0.20192609984141197
0.5050173260956687
0.6290241493769338
0.8666718569791393
0.8186638096951778
0.36771500196938656
-2.6217982542474667
-0.620829699047652
0.2268307640745163
-2.6498870389553764
-0.31633583697042356
0.21158648842622296
0.12553350819553608
0.219927975884032
-0.2454107765007645
-0.24284341053947334
0.12750031380048618
0.33837741553061024
0.4365810808664489
0.1564461352748931
0.23589496089785572
0.05652993132979222
0.49810207002537293
0.74996943545651
0.3298948599820147
0.7158912367292873
0.7986252151916448
0.3414000516290398
0.38136535047325537
0.21053030895237676
0.19513693165885626
-0.0005895292137968182
0.26079754679322364
0.5718379992801383
-0.8498206345163523
-0.6715716215746594
0.25444890451800667
-0.5783291058197275
-0.2599921076999732
1.1182307781493366
1.3306901456107183
-0.5570700252555041
0.14205133177361462
0.6334543362336177
0.1442427697701145
0.7554529198500254
0.728806153639671
0.2949900418004333
-0.02039674398793087
0.6011604760923218
1.645758920363158
0.3201426835527042
0.445127049849902
0.5478393676628134
0.6652734765201058
0.9267853761974838
0.7636445596669037
1.2473293382125794
0.9597760289826274
0.23052533244819737
-0.24833112870463675
0.33741383328264085
0.48368905684099317
0.7055740847062136
0.7053184270259175
0.28708521573166934
0.5546020004291201
0.9410366191970344
0.6047858289950415
0.7255967745124305
0.5970134402074155
0.24155377624873303
0.48560264141753184
0.42479539551334994
0.6578638556562189
-0.3113055730645269
0.2196255374275148
0.5519250486031017
0.6425813752037474
0.4213610466948118
0.06331676863874179
-0.726759684398933
-0.1849333932724576
0.2517857106617157
0.6450359419358092
-0.1743335608649719
0.07067582895562417
-0.07720212226873692
-0.22838400645886006
-1.8263531987460973
-1.2014975569207968
-0.5283397676351459
0.05310652628625305
0.2721966453836235
0.02379008584319302
-0.6023198698811175
-0.44560391573918834
-0.08465578018644065
-0.1552649331272868
-1.8953992936242186
-0.6011588918736541
0.02418536547503551
0.01045100297915582
-1.40007174623959
-1.156695101211111
-1.423330071170256
-1.0526654983807833
-0.7111514343015133
-1.0045036171290986
-1.2655204732740715
-1.8398772546064144
-2.408134153101653
-1.554747580266395
-0.7426178860006171
-0.6095999003094106
-0.02642081346225844
-0.4153382082895454
-0.33925094230925096
-1.0985509798311992
-0.7283135361205474
-0.1043326224313161
-0.8473480673182782
-0.6770102072665987
-0.1627816530134036
0.19900774323667972
0.4722276027743701
0.11072178111752483
-0.667794531105273
0.03317537732359503
0.4710941200655581
0.6924112677500909
0.7042002943210809
0.7484199698983369
0.5917748300215478
0.5497744895061607
0.6511961708043892
0.3708969573378315
0.7244837945543182
0.413644030989988
0.27753957197353496
-1.1264131652384315
-1.9434059322520187
-1.3875383552661638
-1.4077969731520783
-1.3923167634150881
-0.7941543365509999
-0.14476089070428777
-1.0504120219915405
-0.7662887474813062
-0.6311655309502987
-0.8124138662436616
-2.362531976963527
-1.4654943881371247
-0.6005654232750364
0.03564699821818482
-0.37286985771552666
-1.5658327021134124
-1.2592665353440742
-1.1451192772385232
-2.0886087223154193
-2.230452415202269
-1.6495842089853823
-2.3140110681598065
-2.5441381971995836
-1.1680981966351522
-0.06324561509170064
0.14234869944276593
-0.06486171897469233
-0.24599149542462578
0.21386918078761757
-0.3248175526692309
-0.0536013447033433
0.49578553552134186
0.5131678444542992
0.4228345083948913
0.6967449118132806
0.3144001670425976
0.5287634112775514
0.3794011334922649
0.39878593083751396
0.5602213316052403
0.02190760323857391
-1.9855349365668231
-0.9225354079272118
-0.674708765852115
-0.030923237955034086
-0.09473617542166556
-1.024628148249461
-0.5986555695195732
0.2511885847386454
-0.332360180445164
0.4982488555127575
0.769543825199925
-0.354454574786826
0.7837850869109392
0.80669778369165
1.089462861604813
1.2766276404089971
1.1927403554875158
1.1320410198114983
0.8573858515610441
0.9481468443698404
0.5287622708447172
-0.32357548761466476
-1.6405109048731403
-0.781973252869005
0.2148657127555302
0.6956342823469271
-1.8176046705558737
-0.5845840745847242
-0.3161728886227212
0.23152644770315195
0.531380736789726
0.2258872549119097
-1.7414903019613317
-2.568801587787248
-0.36925287645380284
-1.6929097207166717
-1.053739156191695
-2.004947881743604
-2.852440455577947
-0.8518008107591567
-0.512788972524535
-1.0324702618058095
-0.29470230623704496
0.4047019914765742
0.2800452811737077
-0.12188671106769285
0.30315822628794487
0.536761418801861
-1.528838511702298
-0.4605027796661215
-0.18145612638308364
-0.3566365664159053
-0.618482753750883
-2.4065459955875697
-2.648786775038105
-1.7665441023929338
-0.9511845854459389
-0.727865428316308
-0.28535410348703716
-0.3159965573210239
-2.200890891771671
-1.2821950889105107
-0.4308226197796952
0.07094351035482029
0.19909538750992076
0.39751412235429656
-0.2825036719587581
-1.0835146830388254
-0.7360350781529091
0.2831695893845067
0.6164874199087098
0.30577032973830304
0.35789217812291607
-0.28589517373105894
0.18810868401279637
0.18064460795958
0.1265941651840282
0.012632627515046947
-0.36317677068510684
-1.6173007617526514
-2.128160680818163
-2.5906206426256104
-2.514006704137015
-1.3602181447122053
-0.7845366729453586
-1.8423955049055107
-2.174364874037138
-1.2614396889010848
-2.0025775265913537
-2.286208822998213
-2.18320697212458
-2.329835048185382
-1.95421117909737
-0.1514541952649931
-0.7330496043621452
-0.5265278883316018
-0.42251357814494567
-0.8484655007627772
0.25603129661786717
-0.037140632638995516
0.23134516234224362
1.045216825920549
1.020809391736719
0.4372717077332426
-0.26384229067762033
-1.2679439237778876
-0.44149791279306483
0.15328486521364446
0.24627347743831876
0.14691782217150892
-0.18804902430108383
-1.2717024537780826
-2.001330313470874
-0.767721876974804
-0.8897648924203382
-1.1272081917157089
-0.7556518370630876
-1.5372322135471455
-2.387559396145101
-2.754972427709961
-1.5633265798956053
-0.9777656781268653
-0.7372112155027117
-1.8672900185731818
-1.3920235674363053
-2.194961382333861
-2.1956745600762377
-2.2846952014644173
-1.3595131168978485
-1.5488820639578416
-1.965306881536526
-1.7758238133987208
-1.892138840592204
-0.7953114460732146
0.0169400450526233
0.2432558779420396
0.2279125051376009
0.1425002726110365
0.13816013471069416
0.12206101673551015
0.10798506999512426
0.2274163652369238
-0.7052501719764509
-2.793509990161372
-1.55687300787559
-0.45493448287571014
-0.9970025174517921
-0.9747433782443767
-0.9037891647958635
-0.22406233191870628
-0.9005221171796528
-1.3349881815639846
-1.4102631278781221
-1.9011767808578852
-2.6327041808442355
-2.625088630216468
-1.906855432227025
-0.8887384046034927
-0.3406229482391201
0.1552336735442145
0.011530614089305237
0.04051820705413237
0.20607645180757167
-0.5903082659896048
-0.18645659905097217
-0.3341705123303936
0.41634359338989335
0.0510939337309735
0.5293666847965498
-0.0595223937030507
0.4703106265536637
0.5871982361809773
-0.029631931471382916
0.19648822499770816
0.268773519033746
0.4562356176394573
-0.4800258713092109
0.0015034193888649303
0.19542809278188572
0.32356951827142844
0.3628753128325483
0.44799267570322177
0.18652661068389625
-0.2999061729821709
-0.4790537116658055
-0.283243178639118
-0.16183572344782365
-0.15391974095110236
0.28359106150698277
0.4195314615583073
-0.2974461854436239
-0.6241964868023462
-2.3207405867726134
0.07638178083753469
-0.44053206168332326
0.1776190923354285
0.10250636896086145
0.15529581353058924
-0.8747769406805707
-1.0161582276234309
-1.0718176012163496
-0.20951809315232592
-0.3249914188832875
-0.08759649015488877
0.14882988181480833
0.3957033952012495
0.2355404649739837
0.26157005688013163
0.21718080332001322
0.0950353712840869
0.16855555439113598
-0.035666222662967435
0.3668841460389318
0.3461290308604152
0.43669589772901635
0.1801538938421973
-0.3013325185243304
0.18687901021484074
0.2929588495766264
0.18601713724213234
0.12539396363239752
-0.06027378996462581
0.28389619796368126
-0.1403825960825013
0.051119010030718705
0.19004846018882807
0.11966438928883559
-1.0053971727319369
-0.5531623010165608
-0.50266455494892
-0.23173406434122323
-0.163208778668227
-0.1428102803455922
-0.14219619095628563
0.044803654327465234
-0.03183545298551692
-0.5151547164724306
-0.8084040122313121
-0.3620885303391458
-1.3429080699371396
-0.22219733017606444
0.47223348612955957
0.3202748575717935
-0.2353566778143898
-0.6794726717320138
-1.2515153977874187
-0.6812964976980483
-0.07608924057327235
0.035067421308847664
-0.14421927283236904
0.08864115969056961
-0.6070317217010711
-2.60258463347165
-1.5565475957564754
-0.9261287130585641
-0.03903257761917172
-0.04388126127039152
0.39567453283745924
0.03351950853035095
-0.2576114896640749
-0.1847355022041949
0.06409265114992573
0.12315242099626782
0.08974211432532225
-0.5680679401316686
-1.2153652474928216
-0.3167821790987531
-0.5200804289386385
0.031438064605368146
0.04033262611777267
-0.42469012418973084
-0.2753993481865367
-0.3719025178084313
-2.2046098373758873
-2.5059405885379684
-1.676287689759457
-0.1858995663865996
-0.0210367693613744
-0.3853358482742932
0.2512674113425206
0.3483140570351735
0.5337614990596311
0.05939511949288285
-0.5600063459641136
-0.6357432005118685
-0.32772409967988514
-0.6235672558452969
-2.4605779730666506
-1.1129579646326069
-1.1332245434118402
-0.7826667834957646
-1.560859292618676
-2.3994922582943703
-2.157171428860668
-2.388988069512195
-2.4975013829651593
-1.4461383374708625
-0.4130031815306131
0.010352090951214265
0.1690368531163258
0.22777691743438253
0.16002984771412404
0.19500989291461798
-0.7537283331812187
-0.7877004872691716
-0.25514404668429025
-0.0874349967355527
-0.21105589161584118
-1.6140670639959482
-0.8937950972655432
-0.2750543772385322
0.1971486883724945
0.4601513413854067
0.4492519868167966
0.3491284870591129
0.47734520115714846
0.6915501495082105
0.8477310284712972
0.7211876205766711
0.4135388418703688
0.6251795761205671
0.7852429862320188
0.8435274155323419
0.08140969554250668
0.3235559466498321
0.4562967712113498
0.4625360628885677
0.3734117288894994
0.2631652163328267
0.10439471151488675
0.4872569956517343
0.315243020940477
0.038570035575382716
0.49697564754777296
-0.20594435682111
0.16879492216601405
0.26185455023785403
-0.17341362143787828
0.32032106103780905
0.5291810748786399
0.5684188514438765
0.11858290925019215
-0.46697224250025454
-0.2755612217484444
-0.2538088334022509
-2.4465647490724027
-2.4397577330493476
-1.0927376293174176
-1.1216319301648572
-2.536679550389811
-2.537072688547025
-1.111062109318112
-0.2761905879371801
-0.4349195270668994
-0.08087207408316467
0.25507419715204965
0.15321457748784428
0.1974169343570557
-0.7923425968238311
-0.8376083829770937
-0.10582659545062402
-0.12328323143145675
-0.24774781969723597
-0.12154429883931862
-0.37553350855581924
-0.0034048836704740418
0.10835388164109969
-0.6929958926923631
-1.5408022839807873
-0.9715496352734148
0.3849621413807302
-0.014212947990269358
0.17899843493053366
0.29859724660420744
0.7201814362493318
0.01064979460155996
-1.1954974570157562
-0.4361536590997336
-0.014589916425358802
-1.4603731989764999
-0.4285815470073909
0.1654365331996755
0.03485786996179585
0.22926355465080003
-0.027462391290825474
0.12782566489073882
0.2591232903419884
0.19805944964484803
0.12490748442777712
0.07455194950658332
0.4102753205524508
0.007961939734486185
0.10004677241784446
-0.264825873667964
0.00398603222238956
0.06321733790245693
-1.4698786304662697
-2.5818384686022644
-2.7234171710272084
-1.2616459753159626
-1.2464193148599676
-0.23350868232375638
-0.35312161447852985
0.1785825748412101
0.06475651200909707
0.15132027105581955
-0.028318069737728414
0.07910064638831933
0.01632746997886037
0.04454194268680809
-1.008176561267519
-0.4225379367105246
-0.3909182102066624
-1.0709601429354092
-1.984718792108752
-0.867537426616465
-0.3082545174059347
-0.7721751806988558
-0.6358770146906771
-1.8504401577959355
-2.457440855368697
-1.2279018348713906
-0.3145870955098926
-0.37190147864579093
-0.007702195711501994
-0.5268214289848867
-0.3844878582268923
-0.15852996252001736
0.022063438942445664
0.12889504025912338
0.19718498522689873
-1.012300771005177
-0.21072635380193053
0.27364304507652026
0.10063075990370975
0.3277816738809772
-0.14514706996188942
-0.30375732028654656
-0.4995260240549374
-0.6862123614938345
-0.6012194468220984
-0.442965454391485
-0.32356987156742356
-0.6661523744249587
-0.40973816393370327
-0.33362243432882005
0.29970762013719265
0.7425228376197294
0.7978821013356178
0.8445312152634571
0.5457359028395006
0.8239429914278912
0.4682001469239137
0.07866656485232024
0.08552128950051585
0.0695147767956915
-0.7259236296055639
0.033690636242803156
-0.046529540392045536
0.1278630087925313
0.4694529838029623
0.3857850005481294
-1.4515709947027333
-1.4914919897426866
-0.04824823367041813
-1.0458786498767847
-1.1233193617850117
-0.5736322299719822
-1.0682052735633225
-0.8024638899530252
-0.24761717891401064
-0.008468247428804025
-0.2821125379763963
-0.5439961720064127
-0.8467392374270201
-0.5339554236539331
-2.0383969230838295
-2.420608745767632
-1.2892622084109235
-0.459066170278959
0.157562779520939
-0.053312718789444824
0.19609298663907979
0.2091538386089195
0.4770477243477521
0.38204142411651476
-0.306269686939329
-1.1631372329372296
-0.3475651296082484
0.26775141263680247
0.253548839258787
0.036236749460700365
-0.6428168657445749
-0.1600613044308252
-0.42005086379123935
0.14700920692156583
0.2426340886295333
0.17650772118225183
0.5042883905529849
0.4269170296308871
0.27445293742106197
-0.09749400840773734
-0.36798195937965156
-0.2631326010534988
-0.43106766624683096
-0.07522780091122765
0.26348134666633455
0.6032915096776097
0.1691475983743236
0.5807934571405114
0.9509384776950957
1.2537670195105837
0.8492876309205207
1.1104109128066701
1.2053917832789451
-0.3157325461512365
0.5697841164820965
0.584323479843826
0.5941436702338453
0.28562426568621474
0.14061665445069368
0.4868722911404182
0.3141206366700302
-0.12452837548971345
-0.3229202544967065
0.2437784252785481
-2.5660912277761705
-1.609004504135643
-0.28579473622275764
-0.10598430113403415
0.30836849826437285
0.3895628429708297
0.642281802659759
-0.8270624294837324
-2.4596942979092553
-0.5740960327678338
-1.6986730504827319
-1.624808266786864
-0.32650785091013923
0.40299405737863353
0.5924727560232402
0.4354690302724087
0.1899761520098869
-0.5522099357237052
0.03499104722702868
0.3938793868988928
0.42225547332537816
0.3527390294735702
0.4709021381899762
0.763290037163054
0.3871830489933742
-0.09371027835967921
0.2613833630268544
-1.0020035023591631
-0.001957152263276564
0.23268731476362986
-0.08808024287318349
-0.532714878944297
0.3854540005735438
0.4364515686366724
0.25018952476400297
-0.6033295443010818
-1.32548159035899
0.6344668677073875
0.8814015337498914
-0.2130377611916116
-0.3172155412937297
0.10235789070339466
0.4982336408730465
0.7711701684027871
0.6315684300908015
-0.6302105930126924
-0.34499526005122044
-0.2261741724417862
-0.14002939631784025
-1.6264157791147376
-0.33998675755062036
-0.45354632182958116
0.2217149850661895
0.15281150252362585
-0.3158223031655425
-1.048372012611616
-0.056018970368152045
0.5010258147284619
0.5468064566759727
0.4337867557380741
0.807074639954626
1.024715381197675
-0.387037109261341
0.3280924281484137
-0.34293953778386116
0.14019439754896085
-0.4454878273405979
0.7897627579834783
0.6130359070386827
-0.4318697805155078
0.24937583045621417
0.37180732193284644
0.05964785001799438
0.3213811423325693
-0.29166803747582315
0.7276723612849366
1.1916327671658307
0.04685942789624661
-0.4991860840586757
-0.7755697025588303
-0.8206694585427654
-0.5469783964526125
-0.611360387310436
0.044314393667337804
0.0028427232716229764
0.147172118378862
-0.018027632046496718
0.011300104801631933
-0.5381873762187348
0.2770427133603908
0.2383050551076825
-0.18963599024997763
0.3724027354283087
-0.03924971958475709
0.6084368529461955
-0.011311782951613118
0.7990456902483541
-0.3862909871178201
-0.5231853653026263
0.0740945898928134
0.039330919817388246
0.022237177438686296
-0.15159194378970225
-0.2558690092298769
-0.07349761154480729
0.37427768153841007
0.3413378022354091
0.7105474837843108
0.6647956973312431
0.2942392838051392
0.7166060716897013
0.7743379022914547
1.2077254715628682
0.6605183469127816
0.7751555527039147
-0.7882992380955395
0.14909216804464595
-0.473278875672278
-0.1856780546288305
0.15450864065219877
0.30415306329623215
-0.12923791063388992
-0.48397376750440074
-1.305833660808763
-0.18585146065407723
0.2153782518527156
0.004571983605879302
0.19725781664793823
0.4518782263027395
-0.12079236921428532
-0.11875593657844036
0.11557837454374177
0.31661958524523676
-0.16055752761064976
0.3033402221672765
0.2019420316125314
1.145274701350222
0.9987087985862744
1.0327277740750234
0.9376514212386473
-0.14825477581224888
-0.4720137302862967
-0.35815182330482087
-0.10171204136652694
-0.3259985974697167
0.3295005066113177
0.5254904479691658
1.0758996904835063
1.140395766278391
1.1377371750084395
1.1879283883976195
0.5634048622518445
0.9391271237582932
1.0093022372365363
0.782301297762935
0.46503229933387774
0.48467852550647916
0.28634431432473373
0.24669399977034748
0.5808375623222273
-0.4362388536602611
-0.2160205623330193
0.202810505715873
-0.5574498497974891
-0.4363288958630267
-0.6162221424319115
-0.3705070962847963
-0.8238378663672448
-0.32373116773567917
-0.1961807987123778
0.19473080021214242
0.1743366609164026
-0.19814204401411922
-0.19153455733600128
-0.016853750438459218
-0.2936026202190635
-1.1519774015760365
-1.6375609562055178
-1.0112331770081937
-0.9078953167050205
-0.4673444618295491
-0.44348616893140386
-0.6861363577675818
-0.36551520178616187
-0.4161816900053154
-0.3233224484627879
0.060693658423134025
0.20816674175401104
0.34200979440779417
0.03656068565569322
-0.1393656357455289
-0.09278661011229626
-0.029663529910308187
-0.1561013049498675
-0.5743789039976074
0.41840359396334525
0.6521054711387018
0.4124407707082353
0.5811568475703264
0.4595110301499835
0.21138313080379925
0.43559767366687946
0.42682821936006765
0.6329603743213429
0.7362845784004215
0.4462494811696083
0.5450631248119182
0.6098016278845023
0.19690270919017405
-0.24922459878094713
-0.3837717242982637
0.0015496348746824248
-0.5519577689845648
-0.3082085583679187
-0.25721677241400376
-1.4186112033362013
-0.9860655688768917
-2.2697344660207106
-2.2744788978857544
-2.2205327282676133
-2.4380586017013988
-2.157089011009429
-0.5968423805701193
0.1019985621563498
0.24214932857498891
0.27351746246058717
0.11063220490667242
0.2971911771734113
0.5981597488867527
0.7171509678912509
0.26744081362349015
0.16351771521781447
0.3899585127566421
0.0904039661334443
0.19489140523055162
-0.2789910392793806
-0.34360639753248773
0.12868832287438647
0.15190901372234528
0.16891765855172283
-0.6720828422195297
-0.23329318954760936
-0.16552190346274903
0.33766426832742036
0.3301639155980656
0.31614117512973317
0.5054089130358653
0.3325978159247225
0.24917257439731094
0.3663007429484134
0.2759581370868944
-0.03271428156445357
-0.14690743706848938
0.3735124330485829
-0.8030038393575624
-0.1250424705070272
-0.4262602375037798
-0.15139790813312567
-0.9057147464604938
-0.5102751176726381
-0.3645580442063962
-0.945170847154617
-0.36638127162322226
-1.377169539412704
-1.8215387911804486
-1.1729834390453235
-1.777590395439051
-1.4014280857084034
-1.5172459630033854
-2.682356875899054
-2.5942486043999824
-2.5948897263600172
-2.832531427253131
-1.810560451230674
-0.6690941966605329
-0.193133860300839
-1.3264085342207141
-0.7384359585521006
-2.045561946496782
-2.0836594427600956
-0.8250293967659796
-2.4377527600701367
-1.4886385335947383
-0.9132586895355951
-0.0388292737713054
-0.6404584395562841
-1.0495944613001111
-0.9874576338192238
-1.6311914108402783
-1.5864625262512229
-1.2620416842239313
-0.8803669705293535
-1.1075953691372924
-0.3731140335681569
-0.24076355348670953
-0.46768189096247925
-0.3045278437587918
0.1824683388650498
0.4516514115670378
0.4799314835618874
-0.03531420240578277
-0.1014618566225025
-0.09085382734781043
-0.28485394319628715
-0.13624586828737767
-0.3211237153570002
-1.6608517113821601
-2.0210832641023777
-1.0528935747466568
-0.41859627269152905
-0.4985567428839219
-0.43101968822854264
0.1787664519694836
0.18305559681349948
0.3063210141057915
0.5639580818800196
0.29149990423529326
-1.028806000663332
-1.3766283072918823
-0.2974535016145703
-0.23003898706655107
-1.135833992876402
-1.124436632263526
-1.133127420368587
-2.1112766392439637
-2.0815954110099306
-1.5153063638017263
-1.4236782634126055
-1.2861433013277137
-1.202247274873843
-0.6073298224210897
-0.1876451928945954
0.013593731725774445
-0.5977659468108184
-0.7147477258025564
-1.5140867125599144
-0.7366167567175563
-1.3013962021715964
-0.006828701409360881
-0.020245337996661728
-0.8828335343236101
0.10917898635337875
-1.0453275785067897
-0.1658501914894995
0.23448523860652837
-1.1772124250991363
-1.3728386011401341
-0.7245137996074958
-0.10798915263796155
-0.7605957552239309
-1.7544519994444097
-1.4199399908478891
-0.7969595448241948
-0.7911945338057934
-1.2886148416590206
-0.4726435212666753
-1.4610952389895913
-1.813827268961032
-2.629187928342113
-0.5981971393013089
-0.045974911827840276
0.4137466906894025
0.7996107923991342
0.1164937875392391
-1.1059926767596735
-2.155300070549263
-2.421475582818577
-2.934249878051972
-1.2543605834494287
-1.5159209689641555
-1.3453851734313838
-1.396016955958822
-1.091833757244151
-1.7082984975247268
-1.1606691261939914
-1.8331659149968436
-1.5769980205038583
-0.08284751509651142
0.12582916130254082
-0.09611398738015278
-0.3730549260817024
0.10461688089824751
-0.7996770639299986
-0.3052968884300485
-0.07071022396384531
-0.7471280999957167
-1.0026133458839082
-1.3988209497409263
-2.402973526412402
-2.3315666993859456
-2.259167441637336
-2.5253201664830356
-1.8312658192036357
-1.1524234647701856
-0.8841168436836434
-0.514821282398959
-1.063411479948918
-0.7438189615466028
-0.06241588112608216
0.13801800739346967
-1.3494699313840182
-1.5682298223363351
-1.8235107746971504
-2.293147452757221
-1.3674493578871394
-1.7427609459032658
-2.3047730102179247
-1.83982384445066
-2.2742890668018476
-2.2944881516325815
-2.243513923260844
-1.823413146099917
-1.6370231677934166
-1.9580501821428478
-2.2036222282255755
-2.02446473807618
-1.3884463425389948
-0.9057721261862346
-0.736727164400816
-1.0897781031487872
-1.6808748361445243
-0.395737706589196
-0.24629086884569734
-0.035730803867906974
0.15039165633866464
-0.32016079724847196
0.1921475375562424
0.484202458265696
-0.14220063865197516
0.1605950437086926
0.7138349815906465
0.49202511215301126
0.9415281335513567
1.0971182621649893
0.9360842577604076
0.612979657779103
0.6374725790644583
-0.2495593969314631
0.20352635501564564
-0.5956796353089935
0.4167772854827436
-0.2684404545238436
-0.05925616107655642
0.20847186755469277
0.6431779165820173
0.45162790553366094
-0.03303605679028829
-0.22780074232401573
-1.0642251699512186
-0.438648304187541
0.4388602429026264
-0.019072964674625374
0.1679803983681646
-0.25093399897513535
0.13031795132672902
0.5972514259797365
0.5347153669633556
0.6319854423226026
0.7651132285013049
0.739051942753051
0.5675291013291877
0.1662846238173842
0.6557054273111483
0.6644913427231941
0.553499209937339
-0.8102288369522958
-1.376298721324461
-1.6426563863209651
-0.7655808266754528
-1.094992467346636
-0.5698319481768193
0.20892001318366116
0.30890054596072186
0.3364167698860726
0.3428187040973382
0.2130722578935542
0.9700297289200541
0.9195447059802615
0.4091963113950916
0.9869896307347075
0.5506129373491954
0.5997676687301333
0.7947286019275389
1.2796486229051536
0.8105017406081637
0.5183684145640844
0.6881595451208044
-0.49953774603763795
0.275245579833091
0.500022085746335
0.6526476378741335
0.5013355321135775
0.47196190659179643
0.17902407509082066
0.4743553493905377
0.23027579052841715
0.3055711413642943
0.09806931711204232
0.7974744860655606
0.9372087130066563
-0.4303161880890107
0.6161702501699443
-1.2072365087231327
-0.22789274949975527
0.361169332019386
0.9060187342379685
0.814460354755163
0.8901451333437349
0.8648370493098458
-0.032764501968903105
0.2803556777660466
1.1688610608983478
1.1374410203926473
0.8472167034768171
-0.30234555055271184
-0.8862212040294395
-1.7284226810978602
-2.223573352145252
-0.4573837913297439
0.8037539309853884
0.6642329248502794
-1.008909621579082
-2.4446923585968867
-1.7941415166542911
-0.4912808429457592
-0.28854710583839505
-0.3211810432540973
-0.24313034178045004
-0.6173684632608617
-0.17397095526736372
0.6722929845882744
0.3724485919737444
0.6038450735193327
0.4847829475894718
0.44868187755851635
0.7017051588111896
0.4768354522103698
0.594510749488662
1.0339435618325792
0.9704762872064551
1.054055345946727
1.2872748869720665
1.3125644346979433
1.1670913917712455
-0.015803140125103504
0.03594056053482702
0.16101654853482533
-1.1053374686650468
-1.7171087662566524
-2.5629392450233
-2.8033219732607435
-0.6926532313596631
0.3251412698272382
0.7819099788450384
0.8641197683458312
0.6985829867847856
0.6964513364441834
0.6858041643156141
0.9174984823589434
1.0200214295166194
0.9246507684071401
0.5813868946240628
0.3384729258786596
-0.1388850853818871
-1.1722136413843103
-1.8255656508354374
-1.9328976599437702
-1.7072250839854681
-0.8337639645839422
-1.0302943638870097
-0.7582144307462569
-1.792143341743641
-0.9672035046446993
-0.04620112116209508
0.30929396819478333
0.7386812651588817
0.44973200934024316
0.0923997817149682
0.10615972540541216
-0.07233682648967193
-0.19000318633179444
0.1940914785883319
0.5825664659165363
0.5392476178676929
0.7956934009302616
0.1612606382848795
-0.32914207863167155
0.6588701261638685
0.9160907381561741
1.0434767176813033
1.2128245430007007
1.3660016111458406
1.3082102227229129
1.3826493810890708
1.2997975767881997
1.3541413961546112
1.441063014356199
1.5809459539150106
1.257662076322513
1.743292676165925
1.3951666268971046
1.5004619279949933
1.5225654853460429
1.6503040547318129
1.3998583776656732
1.5321607299984006
1.5484533277891992
1.7466028811795826
1.224138415242949
1.7780926391351057
1.389349328000646
1.3821006415420132
1.270220349049776
1.3811654953388417
1.503335320866683
1.5387199168864474
1.5201083190208773
1.4478374031034984
1.7205194335375606
1.174612044689242
1.0430441941158148
-0.4201131530728836
-2.201196434701745
-2.5561887756779496
-2.1716064989995645
-2.640567137269377
0.13240823294071066
0.5143599752459316
0.7070261917153575
0.3017895478313969
0.5828111026564469
0.855229145053548
0.6161444430207818
0.9107694696415208
0.35041729892315615
0.19308858047527858
-0.06660874222859584
0.1520169944631519
0.3623013101358745
-0.3402069819083091
-0.47859558091274434
0.03687847050919614
0.8028670682472375
1.0187708144744956
0.20677754875952545
0.5509490587377344
0.5201794966783128
0.8415938769721855
1.0657501432382046
1.1522776117358844
1.291882615685809
0.5495659745368132
1.1356665037917237
1.3606491891179155
1.361006334970267
1.303829993035891
0.8108342697893767
0.7944532989521391
0.9011978728234773
0.9962204210008654
1.0949129944503655
1.044732870590689
1.2968888966139596
1.294249049567942
1.289718452397954
1.2480796648837338
0.4354792832263859
0.6082836634679472
1.0421697239035788
-1.788528603014981
-1.469231761188366
-1.1293350339339494
-0.23004646212707083
-0.8796945125892067
0.35122292492348367
0.5886038735680391
0.33002248864178074
0.9219481590270131
0.9813891555592573
1.144539456745778
1.2995900452718003
1.4121360304411843
1.134893263833035
0.5601493737054968
0.5421827568129588
-1.0487305103065534
-1.9880242333358746
-2.7181475842223315
-2.18346228631007
-0.0047000053268594095
-2.1401962012759976
-2.134731521960342
-0.5202712987679979
-0.5555745711950945
-1.7553087119184123
-2.7788858918703507
-1.810347018006088
-0.9875534573658077
-0.5930234027463172
0.12117783782888165
0.05775836434359396
-0.10150714869611588
-0.6102778165074236
-0.7043183918245454
0.04625865670314627
0.5831513725878812
0.8789372980883314
0.9713530824762932
0.9674457520562075
1.0609970032479803
1.076729393464929
1.2112775637426936
0.2619323809983901
0.402920297740186
-0.39531165002018775
0.335033365154713
0.4393255910659206
0.18963337193464994
0.5623514791417792
1.0406304000603241
0.9320736427915395
0.19078010960119682
1.0057198621106778
0.9096754504025147
0.8143313858631445
0.23946271022306698
0.30692198183611447
0.2117038497464961
0.14791704037208625
0.029469130576207588
-1.0498692718879126
-0.9863263848330577
-1.9211344737596592
-2.41118820733255
-1.0444455827521428
-0.7657517900054585
-0.6083100530350659
-2.3167036651169775
-0.6028377276268618
-1.1050979182410368
-2.1395832050524395
-0.32024570332555186
-0.027646089916451073
-0.3336435300609099
-0.26681586348342423
-0.8386178667974199
-0.8776331812940563
0.2775091961524275
-0.911784979641437
-1.0571964636239
-2.2240030415445804
-1.109076232663576
-1.6457731486290954
-0.32193697104520047
-2.5402768175987096
-0.6465400971565987
-2.0336130684560803
-1.5350691948121347
0.1275949929796806
0.9935563577134453
1.3484203446816465
1.411844241108185
1.2668347667154667
0.8233089237066902
-0.27212003264283924
-1.163349660155278
-0.5456080076316613
0.3483037938956922
0.7725139582324765
0.8760873875230314
-1.4110632333112327
-0.19992074076794816
0.5260626375763138
0.679641440343261
1.148209322237917
1.1044448432557727
1.10514011495667
1.213030421305598
0.9505280358101041
1.2651564037752339
0.9977067216611891
0.7800021616809496
0.7978919777018667
0.9439095860673441
-0.648831161692265
-0.36228105434916624
0.34212425750367115
1.1319010520868085
0.33830751883447
-0.7159403476882436
-2.658795698909642
-0.7709871531341386
0.07862546390881647
-0.5306256998740712
0.9954147679444677
1.1015116714737878
0.8908162776155194
0.04916070811751564
-0.014351456749043413
-0.1532167983493434
-0.963315662476708
0.3496092227396064
0.7103346686630938
0.9989108495686051
0.42858560652215033
0.5525206396949437
0.592376383716689
0.8232000331831381
0.40711194698815056
-0.7242630205116278
-0.40530041858284227
-1.2336925824489604
-2.2378282804896608
-2.384718468504002
-0.7530818785143799
-2.4598865950858504
-0.5264707507867371
0.37568766122158975
0.9174221591283716
0.9022714524107464
0.3450714126874149
0.7202077850851946
-0.21518529171359058
0.6005056619500008
0.7976297453257458
0.549457226190263
-0.9739083532688941
-0.4178907987740534
0.11525802271163055
0.08085889805998467
-2.6792880866780364
-0.687081988480912
-1.6317843389990077
-0.21802526608588232
0.5026881288966126
1.2984917679767483
1.2968924954294507
0.7008433914568957
-1.3574424970970682
-0.3640039453274671
0.6307920986920461
-0.014674790497896644
-2.118939105672159
-0.19516375676975245
-0.4300495371997223
-1.072676508522079
0.35991425565672114
0.3189223512843481
-2.0439261640973596
-1.7441340886467827
-2.6167886736225823
-2.21942627133446
-0.9243078229649654
-0.8661219412303794
-0.5818674488990887
-0.4404119285935155
-0.49205299299304284
-0.37511361739781335
-0.46401533107629966
0.05214696258298199
-0.36822213880607907
0.42928169644556
0.2583190052593342
0.763495736074568
0.6506319074102156
0.240770031236827
-0.1898059465981464
0.0895958361398518
-0.3188871011958791
-1.532276494843532
-0.30511090041897665
-0.48615175304977837
-0.521864998890778
0.08891301253031018
-0.716852954329935
-0.3050223338285261
0.2968834954022294
0.7944420196899312
0.9330615364888204
0.8759920797354341
0.8322419479509124
0.8920257379464391
0.2675089323983279
-0.0630823132942306
0.15466568401799977
-0.10347381054175149
-0.1517746948153342
0.24981206462438604
0.26468179048244905
0.25413805201303136
-0.27003450966266
0.05069559336547155
-1.74263209708369
-2.7901285378661456
-2.575032463271519
-2.7280291479478405
-2.4721832576134526
