0.3632549
0.33744958
0.06897158
0.31238914
0.43571588
0.32741168
-0.05338957
0.38112712
0.24163501
0.3916764
-0.48884192
-0.37677708
-0.018008005
0.27562046
-0.059561335
0.22261775
0.44272998
0.49108925
0.4656286
0.8797285
0.81331307
0.84709585
1.114351
1.162438
1.1784812
0.92852557
1.1843673
0.49381945
0.5338595
0.393276
0.32497904
0.8223536
0.9214208
0.6930033
0.6512929
0.46499065
0.79056513
0.6472043
0.7180284
0.7829654
0.9652978
1.2537961
0.99388444
0.54784966
0.50648904
0.22786511
0.65778303
0.68104345
0.7365431
0.6132637
0.4726251
0.42517245
0.06939215
0.4313155
0.28212717
0.46989292
0.6057556
0.34558952
0.994326
0.8189995
0.80813134
0.28812394
0.21789159
0.19614322
0.45788157
0.115354545
0.21195956
0.041244775
-0.37826264
0.023428919
0.23588674
-0.026133258
0.1716545
0.20599307
0.60262084
0.15427959
0.37639233
0.8117498
0.9167777
0.86170346
0.9291343
1.093001
1.0482128
0.7935226
1.0786059
1.3785324
1.4002073
1.2566644
1.2803606
1.3754852
1.5136769
1.3785557
1.0746676
0.9975821
0.25320864
0.58011806
0.66111755
0.75717723
0.78748965
0.76376396
0.8026909
0.7806303
0.85724795
0.6871049
1.1685177
1.2036858
1.3696262
1.256886
1.3126096
1.1187419
1.2080895
1.0803998
1.1594985
0.07388717
-0.26186776
-0.17644224
-0.22908944
-0.08943883
0.04479026
0.25601736
0.37950552
0.15971729
0.012026243
0.33875027
0.25117669
0.29796886
0.5587363
0.75498176
0.9175644
0.7501896
1.0767956
1.4980628
1.3318067
1.4880877
1.3588417
1.4861382
0.9396355
1.046759
1.2244563
0.7046708
1.2480172
-1.1484311
-1.4446588
-0.12295543
0.86352485
-1.3122395
0.5495176
0.09217769
1.2192113
-2.2996101
-3.4908402
-2.282225
-1.2484401
-1.5288087
-1.5367653
-2.367737
-2.4900765
-1.9014162
-1.7533743
-2.264087
-3.7357895
-1.8420025
-0.6404888
-0.05433108
0.00044272467
0.33251068
0.6076683
0.48826405
0.9563479
0.9881952
1.0639759
1.1720663
0.59417284
1.1540378
1.1099313
0.980186
1.2433759
1.4688652
0.80325854
1.2930561
0.9281567
1.456794
1.4502914
0.15466294
0.91708535
0.85979086
0.9134196
0.25583005
0.639193
0.5238913
0.5563699
0.97192407
0.80880505
0.47194478
0.70612186
0.19293866
0.059541613
0.203933
-0.58031225
-0.16570866
-0.35272047
0.033416383
0.19300675
-0.44861433
-0.4698114
-0.071260534
-0.32724983
-0.28246275
-0.86912936
-1.4131786
-3.1929443
-1.3890991
-0.53684205
-0.007515898
-0.2080678
0.29285225
0.4689453
0.46220276
0.62098306
0.4014666
0.70919836
0.7842443
0.014924059
-2.6815245
-0.4890004
0.16826303
-0.022768237
0.70592314
0.68655044
0.24094792
0.16092236
-1.101725
-2.3033662
-1.9196206
-1.6225944
-1.2698239
-0.78475237
-0.146936
-0.228582
0.05470281
0.33685452
0.37364545
-0.89143324
-2.353376
-2.0195906
-2.1043808
-0.9849282
-0.4668189
-0.6964983
-0.2135713
0.36278075
0.8194932
0.41626468
0.4226156
-0.6866993
0.04153572
0.35749766
0.6805361
-0.45325002
-0.0073770257
-0.18328816
0.32160905
0.7592541
0.33165312
0.25014886
1.1626227
1.2238561
0.8346347
0.6275011
-0.17830402
0.5484334
-0.38206464
-0.17749454
-0.3614026
-0.2799341
-0.6621253
0.005703492
-0.51993847
-0.695315
-1.1393893
-0.60664785
-1.0103852
-1.028079
-1.1848961
-0.92941576
-1.0353782
-0.7645658
-0.3663876
-0.106458105
-1.2814889
-0.4022265
-0.79264456
0.34230092
0.77808803
0.027690591
0.27552918
0.25867224
0.7522588
0.810252
0.99198794
0.4598428
0.46452135
0.02127835
-0.9303899
-1.5853899
-2.3263931
-1.8546392
-2.6888852
-0.42012098
-2.6613133
-1.7879158
-0.7303121
-0.70409185
-0.27649033
0.10751633
0.10927457
0.34850612
0.69959354
0.6183985
0.48432484
0.22873054
0.24250765
0.76020217
0.8643352
1.412924
0.3753125
-2.3677268
-0.6933321
0.32251284
-2.2558775
-0.5637321
0.17474908
0.5141965
0.5046227
0.30669743
0.059948154
0.20016018
0.34967208
0.22562285
0.17399682
0.092604086
0.0716734
0.5240356
0.7394739
0.2901517
0.7000285
0.53599197
0.33192205
0.35596126
0.09842072
0.06900419
0.04385157
0.20826334
0.34105444
-0.95956427
-0.10348348
-0.112957776
-0.5283774
-0.49209654
0.47994426
0.85782206
-0.32812187
0.020866996
0.42189598
0.4010116
0.84005725
0.60064644
0.39596668
0.02548215
0.4203823
1.4385529
0.45570153
0.47649002
0.7431802
0.69274116
0.82432705
0.68334216
0.90563565
0.89181566
0.094985485
-0.011805711
0.35666794
0.5354948
0.6882141
0.7967498
0.25426647
0.4238389
1.1286113
0.7955197
0.69280463
0.5660211
0.4438997
0.6636478
0.62224185
0.7261271
0.03905885
0.636666
0.7270996
0.7770284
0.64960295
0.20746192
-0.43030518
0.13192807
0.29396176
0.91136706
0.06920585
0.22069672
0.077170685
-0.106630266
-1.8423606
-1.10901
-0.41167268
-0.014193082
0.41379791
-0.042136304
-0.29742894
-0.27002686
-0.0066032894
-0.17433171
-1.7706488
-0.24136923
0.14266975
0.039128654
-1.1080074
-1.1716493
-1.29495
-1.0200853
-0.52690536
-0.9187494
-1.406459
-1.7437812
-1.8433388
-1.4781063
-0.5163064
-0.2807441
0.00451079
-0.06334849
-0.15202393
-0.7912384
-0.60644966
0.02709884
-0.44574204
-0.446372
-0.43596873
-0.10820401
0.20711309
0.047313504
-0.53139544
-0.3434091
-0.002049121
0.42448568
0.52672935
0.2518977
0.58175325
0.5164219
0.45016155
0.1495148
0.5381177
0.5248162
0.46384147
-1.0151986
-1.8075544
-1.1652858
-1.3461565
-1.5102925
-1.2054042
-0.10451608
-1.0262494
-0.8059582
-0.7818198
-0.66616803
-1.9354249
-1.3590875
-0.6237808
-0.30297798
-0.054522857
-1.3509315
-1.279777
-0.8456526
-1.1875437
-1.3584688
-1.0471896
-2.3827617
-2.2534227
-0.97143316
-0.0004089661
0.30214944
-0.042518504
-0.20216009
0.15428339
-0.16519964
0.08022851
0.42551395
0.4203486
0.51563007
0.71172094
0.5212434
0.7475402
0.5553615
0.41509533
0.40466148
0.0064425766
-2.004461
-0.7957788
-0.8354701
-0.41931796
-0.2800089
-0.872983
-0.5813973
0.103429735
-0.06834567
0.3378221
0.55084825
-0.02859893
0.4426844
0.69505304
1.129525
1.3654557
1.0366861
0.94995135
0.78233075
0.8547718
0.5479569
-0.23025791
-1.5592076
-0.6468301
0.13432793
0.5912206
-1.3724068
-0.6587483
-0.44917816
-0.0127066225
0.183222
0.30499148
-1.4931065
-2.001015
-0.22559921
-1.2665237
-1.0429679
-1.705869
-2.8889909
-1.2297677
-0.59395957
-0.68096113
-0.016748914
0.67076
0.42393228
0.01189727
0.6663027
0.40404952
-1.0545018
-0.041450776
-0.019248953
0.022222714
-0.2931307
-1.8348428
-2.8432348
-1.9691234
-1.3503481
-0.6307723
-0.15358898
-0.27570704
-1.8809575
-0.79829705
-0.30147627
0.09604093
0.3623156
0.63490176
-0.21774305
-0.44936314
-0.46686926
0.14425474
0.5666664
0.39400715
0.56905437
-0.0040894058
0.13636383
0.31081566
0.300365
0.13929614
-0.35086808
-1.5614644
-2.2503192
-3.5000978
-2.0870378
-1.1222852
-0.8553844
-1.8467113
-1.9993873
-1.1886693
-1.8564168
-2.4210443
-1.7376621
-2.1559765
-1.2731665
-0.4184043
-0.9954356
-0.7209502
-0.35495645
-0.8341958
0.063879244
-0.26158565
0.16707857
0.5238685
0.6544859
0.33598024
-0.317761
-1.3363994
-0.53120375
-0.11827948
0.16992708
0.08094411
-0.14640556
-0.6217539
-2.553283
-1.2077125
-1.2250702
-1.2926472
-1.0093135
-0.9822814
-2.046582
-3.3719504
-1.3080977
-0.7266886
-0.7503563
-1.8608621
-1.0253949
-1.986928
-2.0807312
-2.0920568
-1.1332641
-1.2195481
-1.6926628
-1.5415381
-1.6861155
-0.43396223
0.218584
0.6011714
0.6696735
0.5915782
0.5478518
0.67184746
0.4509819
0.6393771
0.22916594
-1.7560426
-1.5246363
-0.72951627
-1.0034949
-0.51270527
-0.38689733
-0.27347186
-0.45964256
-0.8747382
-0.92376
-1.3398175
-2.355978
-2.1328375
-1.5703421
-0.5646686
-0.29610693
0.24143864
0.13092607
0.2235056
0.24639805
-0.24391118
-0.04512245
0.14738369
0.3064692
0.064153835
0.52869725
0.0032846406
0.30271178
0.31116062
-0.058500253
0.19723499
0.30192515
0.49212304
-0.32439122
-0.03582777
0.3810185
0.39933294
0.5066367
0.6386566
0.2724682
-0.09689216
-0.13530825
-0.28781813
-0.1493372
0.08734086
0.48767945
0.5097107
-0.024843786
-0.39430848
-1.6773654
-0.54866606
-0.48838672
0.009415956
0.18673214
0.0743507
-0.46207103
-0.7334425
-0.85000706
-0.23608106
-0.36956033
0.070912525
0.2911987
0.47974795
0.40160376
0.3930395
0.51213986
0.37109387
0.4212092
0.31606367
0.4918618
0.51581997
0.2927913
0.19917104
0.043897137
0.39905658
0.67672014
0.5248341
0.4302134
0.30551487
0.59607303
-0.1353231
0.07684695
0.48801145
0.3253991
-0.9125798
-0.3742903
-0.27397397
-0.004846343
-0.02126103
0.17567196
0.091197655
-0.018106876
-0.08919267
-0.41848633
-0.33599898
0.07020126
-0.7809892
0.051393278
0.5377338
0.48344263
-0.045796957
-0.31951946
-1.1444675
-0.26963115
0.07946142
0.078698814
0.055404767
0.24649967
-0.17518212
-1.7746048
-1.3476235
-0.7199691
-0.028404804
0.01350663
0.33895364
0.21162333
0.07484884
-0.06673626
0.042214744
0.24853162
0.3338093
-0.39732745
-0.9306907
-0.03863951
-0.18897304
0.22297291
-0.042933553
-0.22407623
-0.051634997
0.10603255
-2.0166361
-1.5976144
-1.4154061
0.031431496
0.06515376
0.14914621
0.47279626
0.4840478
0.6950403
0.42532486
-0.01631476
-0.18103541
0.108389355
-0.46595967
-1.9700261
-1.4816916
-1.117827
-0.85748863
-1.2591579
-2.1807923
-1.3398238
-1.866437
-1.9211159
-0.7743839
-0.38300988
0.25449565
0.17604476
0.48007163
0.46966517
0.39838046
-0.3613769
-0.3189891
0.08845406
0.092400044
-0.2822519
-1.6884784
-0.7586717
0.05882989
0.22695845
0.4749644
0.5180492
0.41140544
0.529071
0.68046457
0.8574278
0.65403897
0.52120185
0.6316578
0.752511
0.9291834
0.23168938
0.5189628
0.482443
0.6101933
0.40040904
0.40801397
0.32089967
0.5310292
0.4939151
0.44649002
0.6388226
0.27592316
0.31461862
0.2837577
0.20346364
0.4058436
0.6535855
0.73390156
0.4144296
-0.12164565
0.07636029
-0.3851695
-2.12924
-2.6591096
-0.9495389
-0.9947236
-2.5591834
-2.6111035
-0.698384
-0.10994157
-0.20530069
0.3279538
0.34648415
0.34627298
0.33021793
-0.3939767
-0.4085374
0.1281146
0.28771287
0.15739955
0.20874551
-0.11464186
0.19733496
0.31507838
-0.4395588
-1.2515622
-0.49589053
0.29173753
0.26874098
0.11474986
0.24738504
0.6566993
-0.10594148
-1.065554
-0.24446474
0.052032396
-0.8736767
-0.07888721
0.013363332
-0.041686304
0.23802538
0.29615986
0.23210014
0.31716177
0.22756676
0.24811344
0.0996802
0.3680572
0.08902317
-0.04016208
-0.0779166
0.16059747
0.1801722
-0.9955263
-2.6446505
-2.0009842
-0.95273906
-1.3090578
-0.39615065
-0.25166908
0.102095716
0.051078834
0.21246436
0.031680442
0.11043846
0.09051397
0.23994617
-0.55718344
-0.08601886
-0.22532254
-1.6249963
-2.1445715
-0.7516329
-0.27572745
-0.47458088
-0.33404472
-1.7634853
-1.8320382
-1.2633091
-0.12092283
-0.24035542
0.10222227
-0.3975059
-0.452565
-0.11823414
-0.012839277
0.2528663
0.32269523
-1.133044
-0.24681216
0.18862593
0.08415535
0.34008467
-0.1015254
-0.40155315
-0.44028968
-0.6894531
-0.4276727
-0.17051664
-0.3311083
-0.64177567
0.14902523
-0.1526674
0.40475932
0.54352397
0.58188325
0.613044
0.5006476
0.8775132
0.6617931
0.08682965
-0.07043763
0.08609764
-0.45166108
0.064741276
-0.06486855
0.08839095
0.25778306
0.32712713
-0.9825583
-1.6242563
-0.0020755874
-1.1137481
-0.8978066
-0.48076296
-0.872857
-0.50876546
-0.038288392
-0.03131956
-0.11482253
-0.4750539
-0.9328029
-0.51208717
-1.8953303
-1.8523685
-0.9905973
-0.111237496
0.14398962
0.04134751
0.2030767
0.2485434
0.33190784
0.34766683
-0.4646073
-1.1317557
-0.35116976
0.15022232
0.24329947
0.19373289
-0.8166702
-0.2865966
-0.19693163
0.18456455
0.37353244
0.25695014
0.46372128
0.24824102
0.11978785
-0.07376022
-0.54634565
-0.28258505
-0.39901102
0.25562224
0.23057769
0.51492786
0.24799712
0.46755803
0.46020702
0.6864405
0.5705899
0.62614226
0.84170765
-0.23265113
0.43070307
0.33329067
0.54775673
0.22485812
-0.02652543
0.5070167
0.18339822
0.08037349
-0.122531675
0.010364285
-2.2965171
-1.2228585
-0.4578868
-0.3525401
0.11780249
0.19813669
0.4629359
-0.23151577
-1.9229525
-0.8071199
-1.5304953
-1.5422604
-0.31152114
0.28817508
0.67362744
0.41294858
0.40414786
-0.39147794
0.15595037
0.1057949
0.10040566
0.34258953
0.42204976
0.7342788
0.34073606
0.019601615
0.44078737
-0.53837025
0.1436183
0.41729215
0.2168269
-0.55045056
0.098094
0.2915843
-0.00209451
-0.72525585
-1.3317025
0.07909191
0.6745233
-0.103522286
-0.32460395
0.3141474
0.38949004
0.3670412
0.64916736
-0.20118567
0.3437224
0.3557817
0.12178228
-0.97470665
-0.2716489
-0.27206895
0.11694149
0.1874641
-0.14153437
-1.0468812
-0.25237873
0.61668193
0.8210007
0.60790354
0.89687705
1.15251
0.057023652
0.34304783
-0.3286247
0.12928414
-0.4293429
0.6726608
0.60928184
-0.55005676
0.20638523
0.3398584
0.1348843
0.37919655
-0.17345524
0.6375747
1.0292112
0.03250116
-0.6165852
-0.9224105
-1.2151723
-0.7244197
-1.0044109
-0.40856898
-0.14278232
0.21929398
0.19897372
0.13910455
-0.37691325
0.26455188
0.15941705
-0.16755804
0.25390995
-0.02401068
0.3869036
0.11733221
0.47974828
-0.29417205
-0.64127845
-0.25457433
-0.0016037468
0.051493466
-0.30541947
-0.48833087
-0.12656784
0.16357622
0.27498826
0.6322794
0.31650072
0.33489922
0.5005617
0.65077823
0.6951645
0.5426542
0.82930285
-0.7036032
0.24312006
-0.8257417
-0.475192
0.14506012
0.5981497
0.08601737
-0.57494956
-1.5844334
-1.0276718
-0.07197318
-0.072711125
0.04682684
-0.002862865
-0.35982162
-0.4340479
-0.1597482
0.0073494185
0.08919699
0.43229207
0.3773728
1.1909416
1.2204834
0.74581563
0.97953534
-0.29413846
-0.5350608
-0.6154001
-0.13302332
-0.21720038
-0.24120434
0.42387456
0.677384
1.0138515
0.936181
0.9680183
0.69978404
0.84169775
1.0433129
0.9033976
0.6767931
0.6794189
0.43567488
0.55775183
0.674282
-0.20584762
0.011729008
0.026395133
-0.40876094
-0.40815043
-0.31222618
-0.30005676
-0.5756044
-0.1849436
-0.22609174
0.20526548
0.09743049
-0.3343651
-0.049616054
0.1369493
-0.30884776
-0.7130947
-1.3931013
-0.6265575
-0.92163247
-0.31764838
-0.28446022
-0.32247308
-0.48514733
-0.6153488
-0.2422868
0.032541715
0.1540729
0.21594916
-0.045656122
-0.18608765
-0.1888318
-0.15803245
-0.0833121
-0.35481033
0.47607914
0.5545795
0.53967595
0.47023663
0.55038816
0.295839
0.42592144
0.29839048
0.7780228
0.6445257
0.4094735
0.48194495
0.45687535
0.48118663
-0.28635645
-0.27922258
-0.112974904
-0.1836245
-0.10142544
0.11636027
-0.93103725
-1.4665415
-1.7050762
-1.870028
-1.8125296
-2.639061
-1.376014
-0.450361
-0.041277282
0.13350172
0.2958237
0.3161517
0.378687
0.604911
0.6421626
0.6251533
0.15811059
0.322007
0.0003365148
0.16539478
-0.32671252
-0.22591811
0.1669143
0.05008042
0.073624335
-0.44582763
-0.21759982
0.04122431
0.43265846
0.3935333
0.44857946
0.45646936
0.34341714
0.23951514
0.44115946
0.40314886
0.08714953
-2.9119763
-2.6614268
-3.1691623
-2.7786515
-3.1596212
-3.122106
-3.2178502
-2.2283535
-2.8174338
-2.143435
-3.1512966
-3.0997965
-3.2035546
-2.5079265
-2.6686957
-2.9015465
-3.3799565
-3.0076537
-2.8057091
-2.9036999
-3.5107672
-2.520079
-2.3196826
-2.815754
-3.2126951
-2.738742
-3.6411088
-2.3736093
-2.8213995
-3.710201
-2.6574767
-2.5574257
-2.619794
-2.8203952
-2.6471474
-2.5137079
-2.722259
-2.3405247
-1.9777887
-1.9060622
-2.073339
-1.9417739
-1.856747
-1.9486607
-2.0006664
-1.86623
-1.6946623
-1.6869977
-1.5897949
-1.7001232
-1.8347776
-1.6100161
-1.8023045
-1.7989829
-2.4249818
-2.3241313
-2.1562324
-2.0759597
-2.285778
-1.8578807
-1.716108
-1.6574582
-1.9641758
-1.9520131
-1.8559737
-2.289911
-2.4576254
-1.7637285
-1.8473783
-2.3060586
-2.1548936
-2.130759
-2.752501
-2.631561
-2.258659
-2.1556895
-2.2867274
-2.1450033
-1.9778748
-1.7370809
-1.6787454
-1.8535882
-1.8200516
-2.1505694
-1.7753147
-1.9169896
-1.7542125
-1.9479285
-2.284305
-1.9728962
-2.494297
-1.9505537
-1.9112376
-2.7662792
-2.0489872
-1.9340591
-1.6613213
-1.8076329
-2.6681693
-1.8763622
-2.1025116
-1.7356559
-2.0065053
-2.1306658
-2.2904065
-2.6782098
-2.3791428
-1.9924294
-1.9603341
-1.9258645
-1.7420247
-2.1503773
-2.7940073
-3.5569146
-3.5873039
-3.8185399
-3.1708043
-3.1651006
-3.1333737
-3.482427
-3.4960892
-3.3783796
-3.2925267
-3.2989388
-3.163907
-2.952885
-3.0742607
-2.9720714
-2.9463513
-2.4479327
-2.2452848
-2.5012798
-2.7121024
-2.8984373
-2.9321928
-3.1472547
-3.744569
-3.6238592
-3.3045564
-3.2775397
-3.0513058
-3.0034726
-3.1007671
-2.5578263
-2.8540504
-2.9407952
-2.497139
-1.9856728
-3.2079465
-3.0555313
-3.2083359
-3.1403415
-2.8846493
-2.809475
-2.9378505
-2.8432798
-3.1064706
-3.3317251
-2.930165
-3.0707557
-2.8284168
-3.170841
-3.2519538
-3.0779867
-2.6989746
-3.0222301
-2.5036998
-2.6905308
-3.021129
-2.6009047
-2.366425
-2.5702815
-2.63246
-2.2699602
-2.344982
-2.274431
-2.4165263
-2.2129235
-2.2221186
-2.7170575
-2.3884873
-1.9237477
-2.0346837
-1.9988973
-1.7653096
-2.4985986
-2.212249
-2.3460388
-1.83341
-2.0423443
-1.7012929
-1.8774285
-1.7653106
-2.1171877
-2.1703222
-1.9169961
-2.2689714
-1.7330137
-1.1669308
-1.4678881
-1.2217339
-1.8370928
-1.4407692
-1.4076315
-1.1958582
-1.4285177
-1.063912
-0.7379921
-1.0827622
-1.7483827
-1.3561586
-1.4717711
-1.5421323
-1.6317462
-2.4575922
-2.0895982
-1.7395142
-2.1013255
-1.681729
-1.3092442
-1.4231774
-1.1918317
-1.2469182
-1.073883
-0.9656239
-1.4980141
-1.7018931
-1.1508114
-0.7255266
-0.70938647
-1.0016896
-0.9353002
-1.0418186
-0.975646
-0.99768007
-2.0490608
-1.3285192
-1.1166621
-1.4122286
-1.460244
-1.6168929
-1.7162825
-1.5135194
-1.3897301
-1.4691242
-1.5173972
-0.82909447
-1.0065995
-1.2162929
-0.79058105
-2.177174
-1.300892
-1.046497
-1.656082
-1.8079113
-1.0930568
-1.2794477
-1.5570732
-1.2857748
-0.8171673
-1.0272747
-1.4544263
-1.7456473
-1.8236204
-2.621608
-2.958972
-1.7868136
-1.0860182
-1.1833636
-2.6051235
-2.9643672
-2.5717866
-2.6087782
-2.721204
-2.8520331
-2.993638
-3.3578491
-3.1934562
-2.9120035
-3.1642737
-2.887124
-2.6170592
-2.9603148
-2.5846436
-2.136862
-1.0785896
-0.13661808
-0.5428488
0.084343344
0.552238
0.606391
0.55481553
-0.63612235
-0.22336929
-0.2702325
-1.2649711
-1.9649328
-2.691594
-2.9479425
-0.97492754
0.08333663
0.69495505
0.6412708
0.71281785
0.78728074
0.70983785
0.23877998
0.4255298
0.43927616
0.5243604
0.06137552
-0.47382239
-1.0842525
-1.6541517
-2.1645138
-1.9363276
-1.2837781
-0.9335363
-0.5697106
-1.492755
-1.1775228
-0.40479907
0.298782
0.9395211
0.4874182
0.48879537
0.6220679
-0.2503723
0.16409688
0.16465199
0.3241762
0.5043857
0.42925185
-0.18220116
-0.2525217
0.6651337
0.76289296
1.0167227
0.9785293
1.1888409
1.1727331
1.0941676
0.7928953
1.419301
1.293615
1.257391
1.2589145
1.5065914
1.274315
1.3939686
1.3543735
1.7361156
1.6672653
1.6603092
1.7912486
1.8445941
1.2016765
1.879052
1.7001076
1.157073
1.3538517
0.9819032
1.2121712
1.2956243
1.5402288
1.3325818
1.7574625
1.5580548
0.9608708
-0.5326724
-2.903325
-3.2353535
-2.268593
-3.0728714
-0.21486057
0.4201599
0.12634476
0.115395434
0.5814023
0.5248963
0.79530215
0.43427262
-0.004561917
0.042776927
-0.100027904
-0.005074065
0.37154716
-0.5452258
-0.9540003
-0.2252078
0.15151799
0.428957
0.2656374
0.20970742
0.29811132
0.8680695
0.8362719
1.209467
1.2659092
0.41961625
0.7618096
1.4613479
1.4024755
0.9272492
0.6071338
0.62303257
1.1097698
0.7246284
0.7435102
1.2153841
1.4201946
1.1612012
1.2889818
1.2716451
0.74082786
0.8555585
1.210363
-2.0870385
-1.2881864
-1.2787752
-0.38724118
-1.1050869
0.09034593
0.31722054
0.21585177
0.787231
0.83490914
1.2198483
1.548417
1.4869605
1.0729746
0.6999679
0.13977179
-1.3848642
-2.050479
-3.1658285
-2.833186
-0.36361536
-2.6432557
-2.8479133
-1.6937972
-1.2173218
-2.2490845
-2.6976388
-1.9897494
-1.3006414
-0.7933038
-0.112701274
-0.0011038538
-0.38518804
-0.6303015
-0.600591
-0.010395458
0.2836213
0.47762296
0.81650543
0.722149
0.9662833
0.87690437
1.0395758
0.23725946
0.42542446
-0.40281662
0.33294508
0.4513145
0.37522307
0.37719068
0.84848607
1.0551522
0.28697896
1.4371852
0.82726586
0.84076077
0.3202301
0.3408255
0.18817881
0.36294422
-0.1500423
-1.5951465
-1.2038809
-1.9573512
-2.3266644
-1.3881743
-0.88753355
-0.8850279
-2.5481703
-1.0240582
-2.0805726
-2.2001975
-0.829616
-0.4016403
-0.50068855
-0.4560929
-1.4506389
-0.7669993
-0.053846553
-1.1563411
-1.510458
-1.70687
-1.7640969
-1.5505731
-0.71924835
-2.374799
-1.4889687
-2.3042357
-1.6526352
-0.16456716
1.1566943
1.0098854
1.3212055
1.0365967
0.7015453
-0.5401341
-1.4838996
-0.69422466
0.29730198
0.9981134
0.84161764
-1.6638585
-0.19629668
0.34833643
0.57139987
1.0425091
0.9863918
1.1861596
1.2073402
0.8480511
1.0758708
0.9032276
0.7020482
0.59058803
0.31959984
-0.7826875
-0.4242383
0.48616794
0.8944208
0.16139497
-1.0160916
-3.1939049
-1.1513153
-0.10855251
-0.62965924
0.5552444
0.4705129
0.49482098
-0.30391553
-0.10543615
-0.26191053
-0.8461778
0.19192575
0.73845595
0.29668152
0.30437902
0.5940347
0.47455165
0.29179427
-0.22284053
-1.8283027
-1.2774372
-2.0020268
-2.8125563
-2.8924406
-1.391419
-2.530045
-0.9423227
0.123158194
0.7988762
0.42832926
0.40430373
0.22901355
-0.028498713
0.6203351
0.47277653
0.1379846
-0.81921685
-0.62727636
-0.23996942
-1.0893736
-2.7210736
-0.77151006
-1.7837572
-0.3835892
0.26780587
1.0249395
0.74113655
0.7289322
-1.4789085
-0.3173161
0.70015246
0.034758486
-1.8036499
-0.39624697
-0.51473135
-1.1378567
0.1476357
-0.16248399
-2.9055557
-2.3136635
-3.4831922
-2.8411372
-1.3519379
-1.476123
-0.8862048
-0.8202269
-0.7576532
-0.66651654
-0.48562706
-0.13716389
-0.5905211
0.13731344
0.2060578
0.44364023
0.5337735
0.4962273
-0.53496575
0.23638232
-0.253028
-1.4031421
-0.00898543
-0.3438141
-0.2503966
0.15298887
-0.81085277
-0.35339636
0.15141004
0.7965581
0.9757991
1.0573695
1.1557075
1.0242357
-0.062152304
0.18026923
0.16831869
-0.35012913
0.11986246
0.6176533
0.639885
0.33628753
-0.4711783
-0.6616656
-1.8522544
-3.151606
-2.7999544
-2.740277
-2.882729
